<bodies>
	<body name="Collision Body Custom" owner_skeleton="human_skeleton">
		<capsules>
			<capsule name="l_thigh" length="0.250" origin="0.000, 0.000, 0.000" frame="-0.078250, -0.066325, -0.994725, 0.000000, -0.005993, 0.997798, -0.066059, 0.000000, 0.996916, 0.000792, -0.078475, 0.000000, -0.066702, 0.017270, 0.880676, 1.000000">
				<points>
					<point radius="0.190">
						<bones>
							<bone name="l_thigh" weight="0.350"/>
							<bone name="l_thigh" weight="0.650"/>
						</bones>
					</point>
					<point radius="0.130">
						<bones>
							<bone name="l_thigh" weight="0.050"/>
							<bone name="l_thigh" weight="0.950"/>
						</bones>
					</point>
				</points>
			</capsule>
			<capsule name="r_thigh" length="0.250" origin="0.000, 0.000, 0.000" frame="0.078250, -0.066326, -0.994725, 0.000000, 0.005991, 0.997798, -0.066059, 0.000000, 0.996916, -0.000791, 0.078475, 0.000000, 0.072378, 0.009746, 0.874194, 1.000000">
				<points>
					<point radius="0.190">
						<bones>
							<bone name="r_thigh" weight="0.350"/>
							<bone name="r_thigh" weight="0.650"/>
						</bones>
					</point>
					<point radius="0.130">
						<bones>
							<bone name="r_thigh" weight="0.050"/>
							<bone name="r_thigh" weight="0.950"/>
						</bones>
					</point>
				</points>
			</capsule>
			<capsule name="pelvis" length="0.140" origin="0.000, 0.000, 0.000" frame="-0.001323, 0.000001, 0.999999, 0.000000, -0.000021, 1.000000, -0.000001, 0.000000, -0.999999, -0.000021, -0.001323, 0.000000, 0.000011, 0.031593, 0.906359, 1.000000">
				<points>
					<point radius="0.160">
						<bones>
							<bone name="pelvis" weight="0.050"/>
							<bone name="pelvis" weight="0.050"/>
						</bones>
					</point>
					<point radius="0.140">
						<bones>
							<bone name="pelvis" weight="0.050"/>
							<bone name="pelvis" weight="0.050"/>
						</bones>
					</point>
				</points>
			</capsule>
			<capsule name="spine" length="0.120" origin="0.000, 0.000, 0.000" frame="-0.000000, -0.026797, 0.999641, 0.000000, 0.000003, 0.999641, 0.026797, 0.000000, -1.000000, 0.000003, -0.000000, 0.000000, 0.000000, 0.019670, 1.008912, 1.000000">
				<points>
					<point radius="0.100">
						<bones>
							<bone name="spine" weight="0.050"/>
							<bone name="spine" weight="0.050"/>
						</bones>
					</point>
					<point radius="0.100">
						<bones>
							<bone name="spine" weight="0.050"/>
							<bone name="spine" weight="0.050"/>
						</bones>
					</point>
				</points>
			</capsule>
			<capsule name="spine1" length="0.080" origin="0.000, 0.000, 0.000" frame="-0.000000, -0.026797, 0.999641, 0.000000, 0.000003, 0.999641, 0.026797, 0.000000, -1.000000, 0.000003, -0.000000, 0.000000, 0.000000, 0.015356, 1.165714, 1.000000">
				<points>
					<point radius="0.140">
						<bones>
							<bone name="spine1" weight="0.000"/>
						</bones>
					</point>
					<point radius="0.140">
						<bones>
							<bone name="spine1" weight="0.000"/>
						</bones>
					</point>
				</points>
			</capsule>
			<capsule name="spine2" length="0.100" origin="0.000, 0.000, 0.000" frame="-0.000000, -0.026797, 0.999641, 0.000000, 0.000003, 0.999641, 0.026797, 0.000000, -1.000000, 0.000003, -0.000000, 0.000000, 0.000000, 0.011593, 1.305112, 1.000000">
				<points>
					<point radius="0.140">
						<bones>
							<bone name="spine2" weight="0.000"/>
						</bones>
					</point>
					<point radius="0.140">
						<bones>
							<bone name="spine2" weight="0.000"/>
						</bones>
					</point>
				</points>
			</capsule>
			<capsule name="l_clavicle" length="0.070" origin="0.000, 0.000, 0.000" frame="-1.000000, -0.000000, -0.000000, 0.000000, 0.000000, -0.999619, -0.027593, 0.000000, -0.000000, -0.027593, 0.999619, 0.000000, -0.047146, -0.013715, 1.413607, 1.000000">
				<points>
					<point radius="0.100">
						<bones>
							<bone name="l_clavicle" weight="0.050"/>
						</bones>
					</point>
					<point radius="0.100">
						<bones>
							<bone name="l_clavicle" weight="1.000"/>
						</bones>
					</point>
				</points>
			</capsule>
			<capsule name="r_clavicle" length="0.070" origin="0.000, 0.000, 0.000" frame="1.000000, 0.000000, 0.000000, 0.000000, 0.000000, -0.999619, -0.027593, 0.000000, 0.000000, 0.027593, -0.999619, 0.000000, 0.047146, -0.013716, 1.413607, 1.000000">
				<points>
					<point radius="0.100">
						<bones>
							<bone name="r_clavicle" weight="0.050"/>
						</bones>
					</point>
					<point radius="0.100">
						<bones>
							<bone name="r_clavicle" weight="1.000"/>
						</bones>
					</point>
				</points>
			</capsule>
			<capsule name="l_twist" length="0.200" origin="0.000, 0.000, 0.000" frame="-0.834051, -0.035514, -0.550543, 0.000000, -0.090243, -0.975702, 0.199655, 0.000000, -0.544256, 0.216205, 0.810580, 0.000000, -0.187015, -0.021753, 1.415251, 1.000000">
				<points>
					<point radius="0.090">
						<bones>
							<bone name="l_upperarm_twist" weight="0.250"/>
						</bones>
					</point>
					<point radius="0.080">
						<bones>
							<bone name="l_upperarm_twist" weight="0.050"/>
						</bones>
					</point>
				</points>
			</capsule>
			<capsule name="r_twist" length="0.200" origin="0.000, 0.000, 0.000" frame="0.834051, -0.035514, -0.550543, 0.000000, 0.090243, -0.975702, 0.199655, 0.000000, -0.544256, -0.216205, -0.810581, 0.000000, 0.186890, -0.020397, 1.414975, 1.000000">
				<points>
					<point radius="0.080">
						<bones>
							<bone name="r_upperarm_twist" weight="0.300"/>
						</bones>
					</point>
					<point radius="0.080">
						<bones>
							<bone name="r_upperarm_twist" weight="1.000"/>
						</bones>
					</point>
				</points>
			</capsule>
			<capsule name="l_twist1" length="0.200" origin="0.000, 0.000, 0.000" frame="-0.834051, -0.035514, -0.550543, 0.000000, -0.033219, -0.992882, 0.114375, 0.000000, -0.550686, 0.113683, 0.826935, 0.000000, -0.306741, -0.018845, 1.334087, 1.000000">
				<points>
					<point radius="0.080">
						<bones>
							<bone name="l_upperarm_twist1" weight="1.000"/>
						</bones>
					</point>
					<point radius="0.080">
						<bones>
							<bone name="l_upperarm_twist1" weight="1.000"/>
						</bones>
					</point>
				</points>
			</capsule>
			<capsule name="r_twist1" length="0.200" origin="0.000, 0.000, 0.000" frame="0.834051, -0.035514, -0.550543, 0.000000, 0.033220, -0.992882, 0.114375, 0.000000, -0.550686, -0.113684, -0.826935, 0.000000, 0.301389, -0.019954, 1.326050, 1.000000">
				<points>
					<point radius="0.080">
						<bones>
							<bone name="r_upperarm_twist1" weight="0.000"/>
						</bones>
					</point>
					<point radius="0.080">
						<bones>
							<bone name="r_upperarm_twist1" weight="0.000"/>
						</bones>
					</point>
				</points>
			</capsule>
		</capsules>
	</body>
	<body name="Collision Body Tunics" owner_skeleton="human_skeleton">
		<capsules>
			<capsule name="l_thigh" length="0.280" origin="0.000, 0.000, 0.000" frame="-0.078250, -0.066325, -0.994725, 0.000000, -0.005993, 0.997798, -0.066059, 0.000000, 0.996916, 0.000792, -0.078475, 0.000000, -0.099992, 0.004721, 0.916070, 1.000000">
				<points>
					<point radius="0.140">
						<bones>
							<bone name="l_thigh" weight="1.000"/>
							<bone name="l_thigh" weight="0.000"/>
						</bones>
					</point>
					<point radius="0.120">
						<bones>
							<bone name="l_thigh" weight="1.000"/>
							<bone name="l_thigh" weight="0.000"/>
						</bones>
					</point>
				</points>
			</capsule>
			<capsule name="r_thigh" length="0.280" origin="0.000, 0.000, 0.000" frame="0.078250, -0.066326, -0.994725, 0.000000, 0.005991, 0.997798, -0.066059, 0.000000, 0.996916, -0.000791, 0.078475, 0.000000, 0.100085, 0.020208, 0.913989, 1.000000">
				<points>
					<point radius="0.140">
						<bones>
							<bone name="r_thigh" weight="0.050"/>
							<bone name="r_thigh" weight="0.000"/>
						</bones>
					</point>
					<point radius="0.120">
						<bones>
							<bone name="r_thigh" weight="1.000"/>
							<bone name="r_thigh" weight="0.000"/>
						</bones>
					</point>
				</points>
			</capsule>
			<capsule name="pelvis" length="0.140" origin="0.000, 0.000, 0.000" frame="-0.001323, 0.000001, 0.999999, 0.000000, -0.000021, 1.000000, -0.000001, 0.000000, -0.999999, -0.000021, -0.001323, 0.000000, -0.000000, 0.031417, 0.914520, 1.000000">
				<points>
					<point radius="0.120">
						<bones>
							<bone name="pelvis" weight="0.050"/>
							<bone name="pelvis" weight="0.050"/>
						</bones>
					</point>
					<point radius="0.120">
						<bones>
							<bone name="pelvis" weight="0.050"/>
							<bone name="pelvis" weight="0.050"/>
						</bones>
					</point>
				</points>
			</capsule>
			<capsule name="l_clavicle" length="0.070" origin="0.000, 0.000, 0.000" frame="-1.000000, -0.000000, -0.000000, 0.000000, 0.000000, -0.999619, -0.027593, 0.000000, -0.000000, -0.027593, 0.999619, 0.000000, -0.059676, -0.013715, 1.413607, 1.000000">
				<points>
					<point radius="0.100">
						<bones>
							<bone name="l_clavicle" weight="0.050"/>
							<bone name="l_clavicle" weight="0.050"/>
						</bones>
					</point>
					<point radius="0.090">
						<bones>
							<bone name="l_clavicle" weight="0.050"/>
							<bone name="l_clavicle" weight="0.050"/>
						</bones>
					</point>
				</points>
			</capsule>
			<capsule name="r_clavicle" length="0.110" origin="0.000, 0.000, 0.000" frame="1.000000, 0.000000, 0.000000, 0.000000, 0.000000, -0.999619, -0.027593, 0.000000, 0.000000, 0.027593, -0.999619, 0.000000, 0.047146, -0.013716, 1.413607, 1.000000">
				<points>
					<point radius="0.100">
						<bones>
							<bone name="r_clavicle" weight="0.050"/>
							<bone name="r_clavicle" weight="0.050"/>
						</bones>
					</point>
					<point radius="0.090">
						<bones>
							<bone name="r_clavicle" weight="0.050"/>
							<bone name="r_clavicle" weight="0.050"/>
						</bones>
					</point>
				</points>
			</capsule>
			<capsule name="l_upperArm" length="0.200" origin="0.000, 0.000, 0.000" frame="-0.834051, -0.035514, -0.550543, 0.000000, -0.090243, -0.975702, 0.199655, 0.000000, -0.544256, 0.216205, 0.810580, 0.000000, -0.179006, -0.022675, 1.403177, 1.000000">
				<points>
					<point radius="0.080">
						<bones>
							<bone name="l_upperarm_twist" weight="0.050"/>
							<bone name="l_upperarm_twist" weight="0.050"/>
						</bones>
					</point>
					<point radius="0.040">
						<bones>
							<bone name="l_upperarm_twist" weight="0.050"/>
							<bone name="l_upperarm_twist" weight="0.050"/>
						</bones>
					</point>
				</points>
			</capsule>
			<capsule name="r_upperArm" length="0.200" origin="0.000, 0.000, 0.000" frame="0.834051, -0.035514, -0.550543, 0.000000, 0.090243, -0.975702, 0.199655, 0.000000, -0.544256, -0.216205, -0.810581, 0.000000, 0.187027, -0.021882, 1.415279, 1.000000">
				<points>
					<point radius="0.080">
						<bones>
							<bone name="r_upperarm_twist" weight="0.050"/>
							<bone name="r_upperarm_twist" weight="0.050"/>
						</bones>
					</point>
					<point radius="0.040">
						<bones>
							<bone name="r_upperarm_twist" weight="0.050"/>
							<bone name="l_upperarm_twist" weight="0.050"/>
						</bones>
					</point>
				</points>
			</capsule>
			<capsule name="l_forearm" length="0.200" origin="0.000, 0.000, 0.000" frame="-0.834051, -0.035514, -0.550543, 0.000000, -0.033219, -0.992882, 0.114375, 0.000000, -0.550686, 0.113683, 0.826935, 0.000000, -0.293485, -0.035772, 1.315096, 1.000000">
				<points>
					<point radius="0.040">
						<bones>
							<bone name="l_upperarm_twist1" weight="0.050"/>
							<bone name="l_upperarm_twist1" weight="0.050"/>
						</bones>
					</point>
					<point radius="0.040">
						<bones>
							<bone name="l_upperarm_twist1" weight="0.050"/>
							<bone name="l_upperarm_twist1" weight="0.050"/>
						</bones>
					</point>
				</points>
			</capsule>
			<capsule name="r_forearm" length="0.200" origin="0.000, 0.000, 0.000" frame="0.834051, -0.035514, -0.550543, 0.000000, 0.033220, -0.992882, 0.114375, 0.000000, -0.550686, -0.113684, -0.826935, 0.000000, 0.306729, -0.018851, 1.334068, 1.000000">
				<points>
					<point radius="0.040">
						<bones>
							<bone name="r_upperarm_twist1" weight="0.050"/>
							<bone name="r_upperarm_twist1" weight="0.050"/>
						</bones>
					</point>
					<point radius="0.040">
						<bones>
							<bone name="r_upperarm_twist1" weight="0.050"/>
							<bone name="r_upperarm_twist1" weight="0.050"/>
						</bones>
					</point>
				</points>
			</capsule>
		</capsules>
	</body>
	<body name="Collision Body helmtail" owner_skeleton="human_skeleton">
		<capsules>
			<capsule name="Neck/tail" length="0.160" origin="0.000, 0.000, 0.000" frame="0.000000, 0.142629, 0.989776, 0.000000, 0.000003, 0.989776, -0.142629, 0.000000, -1.000000, 0.000003, -0.000000, 0.000000, -0.000000, -0.083726, 1.418216, 1.000000">
				<points>
					<point radius="0.120">
						<bones>
							<bone name="neck" weight="1.000"/>
							<bone name="neck" weight="0.000"/>
						</bones>
					</point>
					<point radius="0.120">
						<bones>
							<bone name="neck" weight="1.000"/>
							<bone name="neck" weight="0.000"/>
						</bones>
					</point>
				</points>
			</capsule>
		</capsules>
	</body>
</bodies>

